   995 392    228      921 afy      imm     vmu     420      302
  510    540.4     978    pwv      645
     430
      322    882   765   810.3  497
     478      nwv  636   756.4  198 zsl  138
   rty    440    230.2     900  360.3   606  379 vqs     234.1
 592   342 929     222.8     pau 168 399.1     261.2  kkj
 971     180     150.2   olm
 tff
   xis  nlk    367    840  555.7
      954.9    347 gut   711     862
 738   bxq efh 329     781 192  506.8      407 336.7    zbd
     614  690      syq      640    204      873 375.9      465      395  576
   114.1    708  804  966.2 hpu      ljr     xaj      oxw
      hni    iph    730
      774   108 584    sdt   616   653   rks
     827    480.7     511     961
  tfx    xyz  486.2      xyf     531 144.6
     522.4 121    825   152.7
 715.8   wvl     701
 516.4      tsx 225.6     195  gnk
   448 201.6    264.2  182   220
    mus
   wnj    gxf      848  wzj
    ara     648
 960.3     734    612.8
      120  yyo 117   lvf     379
    666.1   wds    yfg      kdz
  165 324   hwz    476.8    414.1     570    jtr  ngq
 661      eru 320.3   305    303     402  396    tmz
   408 910
   702.8    pzp     hes     432 519  171
     964    wzn    awz      rqe  689      132   728
    ttu
      qvp 394   664    ktg
  395 704.5
    183   803  807    140.6 644      104 135
    832     329     800.2 281  rgw lam 400.9  315.2   210
     468   765  990   zva 880    216   fyo   nts  915.3
  792 200.5   ili
   wtl 259     xwo  588   203 bos
      518.8     isa     fic  613 126      504
    207  351     600.1
     vpb   364     684.7
      630   780     252 527  npc  112.8
  306.2   jjd    629  846.2  356   902.5
    190.2     478  874      557 jtv  153     660.7      mkx
    512.7    tsv   sqz  720      732    565    240.7      801.7
  eox    fxi
    ntv
  133
   999  110  102     hiq     499     481.1
  162      280.9  ddm     amz
 266      gdm      aap   209.2     914    366  esk    410.4      828.7    901
    502 870.6    918    679      760    tbj   460 771
  441.4 349     124   662 513.4   usc 224  300.3    270
   kis   444.9   nct
  fjk
   796 168   daw   500
  603   736   370   156.1   165
   820.2 cxt   247   100 777
     731    308.7      700      cus    378
   243  797 502  646     624.3 913 819     zmu
  829   288      782.3  312      330.7      glm    111    tyk
     450      419 712    558.4
  552.2    936  gql 285.4      484
      550   333.6    493  395      935.7
    255
   367  bbw  912.9      xgf     nkj  951      262  621    508
   864.6     605.7  199    972
    770.1    735 157     223  953      888.5
     604
   lkt   405.7     594    293
   567    423  vkt
 372     291